name: smn
channels:
  - pytorch
  - conda-forge
  - defaults
dependencies:
  - blas=2.113=mkl
  - blas-devel=3.9.0=13_win64_mkl
  - ca-certificates=2021.10.8=h5b45459_0
  - certifi=2021.5.30=py36ha15d459_0
  - cudatoolkit=10.2.89=hb195166_10
  - dataclasses=0.8=pyh787bdff_2
  - freeglut=3.2.1=h0e60522_2
  - freetype=2.10.4=h546665d_1
  - icu=68.2=h0e60522_0
  - intel-openmp=2022.0.0=h57928b3_3663
  - jasper=2.0.33=h77af90b_0
  - jbig=2.1=h8d14728_2003
  - jpeg=9e=h8ffe710_0
  - lcms2=2.12=h2a16943_0
  - lerc=3.0=h0e60522_0
  - libblas=3.9.0=13_win64_mkl
  - libcblas=3.9.0=13_win64_mkl
  - libclang=11.1.0=default_h5c34c98_1
  - libdeflate=1.8=h8ffe710_0
  - liblapack=3.9.0=13_win64_mkl
  - liblapacke=3.9.0=13_win64_mkl
  - libopencv=4.5.3=py36h530cdb0_2
  - libpng=1.6.37=h1d00b33_2
  - libprotobuf=3.16.0=h7755175_0
  - libtiff=4.3.0=hd413186_2
  - libuv=1.43.0=h8ffe710_0
  - libwebp-base=1.2.2=h8ffe710_1
  - libzlib=1.2.11=h8ffe710_1013
  - lz4-c=1.9.3=h8ffe710_1
  - m2w64-gcc-libgfortran=5.3.0=6
  - m2w64-gcc-libs=5.3.0=7
  - m2w64-gcc-libs-core=5.3.0=7
  - m2w64-gmp=6.1.0=2
  - m2w64-libwinpthread-git=5.0.0.4634.697f757=2
  - mkl=2022.0.0=h0e2418a_796
  - mkl-devel=2022.0.0=h57928b3_797
  - mkl-include=2022.0.0=h0e2418a_796
  - msys2-conda-epoch=20160418=1
  - numpy=1.19.5=py36h4b40d73_2
  - olefile=0.46=pyh9f0ad1d_1
  - opencv=4.5.3=py36ha15d459_2
  - openjpeg=2.4.0=hb211442_1
  - openssl=1.1.1l=h8ffe710_0
  - pillow=8.3.2=py36h10c25d6_0
  - pip=21.3.1=pyhd8ed1ab_0
  - py-opencv=4.5.3=py36h5098b23_2
  - python=3.6.15=h39d44d4_0_cpython
  - python_abi=3.6=2_cp36m
  - pytorch=1.10.2=py3.6_cuda10.2_cudnn7_0
  - pytorch-mutex=1.0=cuda
  - qt=5.12.9=h5909a2a_4
  - setuptools=49.6.0=py36ha15d459_3
  - sqlite=3.37.0=h8ffe710_0
  - tbb=2021.5.0=h2d74725_0
  - tk=8.6.11=h8ffe710_1
  - torchaudio=0.10.2=py36_cu102
  - torchvision=0.11.3=py36_cu102
  - typing_extensions=4.0.1=pyha770c72_0
  - ucrt=10.0.20348.0=h57928b3_0
  - vc=14.2=hb210afc_6
  - vs2015_runtime=14.29.30037=h902a5da_6
  - wheel=0.37.1=pyhd8ed1ab_0
  - wincertstore=0.2=py36ha15d459_1006
  - xz=5.2.5=h62dcd97_1
  - zlib=1.2.11=h8ffe710_1013
  - zstd=1.5.2=h6255e5f_0
  - pip:
    - cloudpickle==2.1.0
    - cycler==0.11.0
    - decorator==4.4.2
    - freetype-py==2.2.0
    - gym==0.21.0
    - imageio==2.14.1
    - importlib-metadata==4.8.3
    - kiwisolver==1.3.1
    - matplotlib==3.3.4
    - networkx==2.5.1
    - opencv-python==4.4.0.44
    - pyglet==1.5.21
    - pyglm==1.99.3
    - pyopengl==3.1.0
    - pyparsing==3.0.9
    - pyrender==0.1.39
    - python-dateutil==2.8.2
    - scipy==1.5.4
    - trimesh==3.8.18
    - zipp==3.6.0
prefix: C:\Users\jerrywiston\Miniconda3\envs\smn
